557701
557702
557703
557704
557705
557706
557707
557708
557709
557710
557711
557712
557713
557714
557715
557716
557717
557718
557719
557720
557721
557722
557723
557724
557725
557726
557727
557728
557729
557730
557731
557732
557733
557734
557735
557736
557737
557738
557739
557740
557741
557742
557743
557744
557745
557746
557747
557748
557749
557750
557751
557752
557753
557754
557755
557756
557757
557758
557759
557760
557761
557762
557763
557764
557765
557766
557767
557768
557769
557770
557771
557772
557773
557774
557775
557776
557777
557778
557779
557780
557781
557782
557783
557784
557785
557786
557787
557788
557789
557790
557791
557792
557793
557794
557795
557796
557797
557798
557799
557800
557801
557802
557803
557804
557805
557806
557807
557808
557809
557810
557811
557812
557813
557814
557815
557816
557817
557818
557819
557820
557821
557822
557823
557824
557825
557826
557827
557828
557829
557830
557831
557832
557833
557834
557835
557836
557837
557838
557839
557840
557841
557842
557843
557844
557845
557846
557847
557848
557849
557850
557851
557852
557853
557854
557855
557856
557857
557858
557859
557860
557861
557862
557863
557864
557865
557866
557867
557868
557869
557870
557871
557872
557873
557874
557875
557876
557877
557878
557879
557880
557881
557882
557883
557884
557885
557886
557887
557888
557889
557890
557891
557892
557893
557894
557895
557896
557897
557898
557899
557900
557901
557902
557903
557904
557905
557906
557907
557908
557909
557910
557911
557912
557913
557914
557915
557916
557917
557918
557919
557920
557921
557922
557923
557924
557925
557926
557927
557928
557929
557930
557931
557932
557933
557934
557935
557936
557937
557938
557939
557940
557941
557942
557943
557944
557945
557946
557947
557948
557949
557950
557951
557952
557953
557954
557955
557956
557957
557958
557959
557960
557961
557962
557963
557964
557965
557966
557967
557968
557969
557970
557971
557972
557973
557974
557975
557976
557977
557978
557979
557980
557981
557982
557983
557984
557985
557986
557987
557988
557989
557990
557991
557992
557993
557994
557995
557996
557997
557998
557999
558000
558001
558002
558003
558004
558005
558006
558007
558008
558009
558010
558011
558012
558013
558014
558015
558016
558017
558018
558019
558020
558021
558022
558023
558024
558025
558026
558027
558028
558029
558030
558031
558032
558033
558034
558035
558036
558037
558038
558039
558040
558041
558042
558043
558044
558045
558046
558047
558048
558049
558050
558051
558052
558053
558054
558055
558056
558057
558058
558059
558060
558061
558062
558063
558064
558065
558066
558067
558068
558069
558070
558071
558072
558073
558074
558075
558076
558077
558078
558079
558080
558081
558082
558083
558084
558085
558086
558087
558088
558089
558090
558091
558092
558093
558094
558095
558096
558097
558098
558099
558100
558101
558102
558103
558104
558105
558106
558107
558108
558109
558110
558111
558112
558113
558114
558115
558116
558117
558118
558119
558120
558121
558122
558123
558124
558125
558126
558127
558128
558129
558130
558131
558132
558133
558134
558135
558136
558137
558138
558139
558140
558141
558142
558143
558144
558145
558146
558147
558148
558149
558150
558151
558152
558153
558154
558155
558156
558157
558158
558159
558160
558161
558162
558163
558164
558165
558166
558167
558168
558169
558170
558171
558172
558173
558174
558175
558176
558177
558178
558179
558180
558181
558182
558183
558184
558185
558186
558187
558188
558189
558190
558191
558192
558193
558194
558195
558196
558197
558198
558199
558200
558201
558202
558203
558204
558205
558206
558207
558208
558209
558210
558211
558212
558213
558214
558215
558216
558217
558218
558219
558220
558221
558222
558223
558224
558225
558226
558227
558228
558229
558230
558231
558232
558233
558234
558235
558236
558237
558238
558239
558240
558241
558242
558243
558244
558245
558246
558247
558248
558249
558250
558251
558252
558253
558254
558255
558256
558257
558258
558259
558260
558261
558262
558263
558264
558265
558266
558267
558268
558269
558270
558271
558272
558273
558274
558275
558276
558277
558278
558279
558280
558281
558282
558283
558284
558285
558286
558287
558288
558289
558290
558291
558292
558293
558294
558295
558296
558297
558298
558299
558300
558301
558302
558303
558304
558305
558306
558307
558308
558309
558310
558311
558312
558313
558314
558315
558316
558317
558318
558319
558320
558321
558322
558323
558324
558325
558326
558327
558328
558329
558330
558331
558332
558333
558334
558335
558336
558337
558338
558339
558340
558341
558342
558343
558344
558345
558346
558347
558348
558349
558350
558351
558352
558353
558354
558355
558356
558357
558358
558359
558360
558361
558362
558363
558364
558365
558366
558367
558368
558369
558370
558371
558372
558373
558374
558375
558376
558377
558378
558379
558380
558381
558382
558383
558384
558385
558386
558387
558388
558389
558390
558391
558392
558393
558394
558395
558396
558397
558398
558399
558400
558401
558402
558403
558404
558405
558406
558407
558408
558409
558410
558411
558412
558413
558414
558415
558416
558417
558418
558419
558420
558421
558422
558423
558424
558425
558426
558427
558428
558429
558430
558431
558432
558433
558434
558435
558436
558437
558438
558439
558440
558441
558442
558443
558444
558445
558446
558447
558448
558449
558450
558451
558452
558453
558454
558455
558456
558457
558458
558459
558460
558461
558462
558463
558464
558465
558466
558467
558468
558469
558470
558471
558472
558473
558474
558475
558476
558477
558478
558479
558480
558481
558482
558483
558484
558485
558486
558487
558488
558489
558490
558491
558492
558493
558494
558495
558496
558497
558498
558499
558500
558501
558502
558503
558504
558505
558506
558507
558508
558509
558510
558511
558512
558513
558514
558515
558516
558517
558518
558519
558520
558521
558522
558523
558524
558525
558526
558527
558528
558529
558530
558531
558532
558533
558534
558535
558536
558537
558538
558539
558540
558541
558542
558543
558544
558545
558546
558547
558548
558549
558550
558551
558552
558553
558554
558555
558556
558557
558558
558559
558560
558561
558562
558563
558564
558565
558566
558567
558568
558569
558570
558571
558572
558573
558574
558575
558576
558577
558578
558579
558580
558581
558582
558583
558584
558585
558586
558587
558588
558589
558590
558591
558592
558593
558594
558595
558596
558597
558598
558599
558600
558601
558602
558603
558604
558605
558606
558607
558608
558609
558610
558611
558612
558613
558614
558615
558616
558617
558618
558619
558620
558621
558622
558623
558624
558625
558626
558627
558628
558629
558630
558631
558632
558633
558634
558635
558636
558637
558638
558639
558640
558641
558642
558643
558644
558645
558646
558647
558648
558649
558650
558651
558652
558653
558654
558655
558656
558657
558658
558659
558660
558661
558662
558663
558664
558665
558666
558667
558668
558669
558670
558671
558672
558673
558674
558675
558676
558677
558678
558679
558680
558681
558682
558683
558684
558685
558686
558687
558688
558689
558690
558691
558692
558693
558694
558695
558696
558697
558698
558699
558700
558701
558702
558703
558704
558705
558706
558707
558708
558709
558710
558711
558712
558713
558714
558715
558716
558717
558718
558719
558720
558721
558722
558723
558724
558725
558726
558727
558728
558729
558730
558731
558732
558733
558734
558735
558736
558737
558738
558739
558740
558741
558742
558743
558744
558745
558746
558747
558748
558749
558750
558751
558752
558753
558754
558755
558756
558757
558758
558759
558760
558761
558762
558763
558764
558765
558766
558767
558768
558769
558770
558771
558772
558773
558774
558775
558776
558777
558778
558779
558780
558781
558782
558783
558784
558785
558786
558787
558788
558789
558790
558791
558792
558793
558794
558795
558796
558797
558798
558799
558800
558801
558802
558803
558804
558805
558806
558807
558808
558809
558810
558811
558812
558813
558814
558815
558816
558817
558818
558819
558820
558821
558822
558823
558824
558825
558826
558827
558828
558829
558830
558831
558832
558833
558834
558835
558836
558837
558838
558839
558840
558841
558842
558843
558844
558845
558846
558847
558848
558849
558850
558851
558852
558853
558854
558855
558856
558857
558858
558859
558860
558861
558862
558863
558864
558865
558866
558867
558868
558869
558870
558871
558872
558873
558874
558875
558876
558877
558878
558879
558880
558881
558882
558883
558884
558885
558886
558887
558888
558889
558890
558891
558892
558893
558894
558895
558896
558897
558898
558899
558900
558901
558902
558903
558904
558905
558906
558907
558908
558909
558910
558911
558912
558913
558914
558915
558916
558917
558918
558919
558920
558921
558922
558923
558924
558925
558926
558927
558928
558929
558930
558931
558932
558933
558934
558935
558936
558937
558938
558939
558940
558941
558942
558943
558944
558945
558946
558947
558948
558949
558950
558951
558952
558953
558954
558955
558956
558957
558958
558959
558960
558961
558962
558963
558964
558965
558966
558967
558968
558969
558970
558971
558972
558973
558974
558975
558976
558977
558978
558979
558980
558981
558982
558983
558984
558985
558986
558987
558988
558989
558990
558991
558992
558993
558994
558995
558996
558997
558998
558999
559000
559001
559002
559003
559004
559005
559006
559007
559008
559009
559010
559011
559012
559013
559014
559015
559016
559017
559018
559019
559020
559021
559022
559023
559024
559025
559026
559027
559028
559029
559030
559031
559032
559033
559034
559035
559036
559037
559038
559039
559040
559041
559042
559043
559044
559045
559046
559047
559048
559049
559050
559051
559052
559053
559054
559055
559056
559057
559058
559059
559060
559061
559062
559063
559064
559065
559066
559067
559068
559069
559070
559071
559072
559073
559074
559075
559076
559077
559078
559079
559080
559081
559082
559083
559084
559085
559086
559087
559088
559089
559090
559091
559092
559093
559094
559095
559096
559097
559098
559099
559100
559101
559102
559103
559104
559105
559106
559107
559108
559109
559110
559111
559112
559113
559114
559115
559116
559117
559118
559119
559120
559121
559122
559123
559124
559125
559126
559127
559128
559129
559130
559131
559132
559133
559134
559135
559136
559137
559138
559139
559140
559141
559142
559143
559144
559145
559146
559147
559148
559149
559150
559151
559152
559153
559154
559155
559156
559157
559158
559159
559160
559161
559162
559163
559164
559165
559166
559167
559168
559169
559170
559171
559172
559173
559174
559175
559176
559177
559178
559179
559180
559181
559182
559183
559184
559185
559186
559187
559188
559189
559190
559191
559192
559193
559194
559195
559196
559197
559198
559199
559200
559201
559202
559203
559204
559205
559206
559207
559208
559209
559210
559211
559212
559213
559214
559215
559216
559217
559218
559219
559220
559221
559222
559223
559224
559225
559226
559227
559228
559229
559230
559231
559232
559233
559234
559235
559236
559237
559238
559239
559240
559241
559242
559243
559244
559245
559246
559247
559248
559249
559250
559251
559252
559253
559254
559255
559256
559257
559258
559259
559260
559261
559262
559263
559264
559265
559266
559267
559268
559269
559270
559271
559272
559273
559274
559275
559276
559277
559278
559279
559280
559281
559282
559283
559284
559285
559286
559287
559288
559289
559290
559291
559292
559293
559294
559295
559296
559297
559298
559299
559300
559301
559302
559303
559304
559305
559306
559307
559308
559309
559310
559311
559312
559313
559314
559315
559316
559317
559318
559319
559320
559321
559322
559323
559324
559325
559326
559327
559328
559329
559330
559331
559332
559333
559334
559335
559336
559337
559338
559339
559340
559341
559342
559343
559344
559345
559346
559347
559348
559349
559350
559351
559352
559353
559354
559355
559356
559357
559358
559359
559360
559361
559362
559363
559364
559365
559366
559367
559368
559369
559370
559371
559372
559373
559374
559375
559376
559377
559378
559379
559380
559381
559382
559383
559384
559385
559386
559387
559388
559389
559390
559391
559392
559393
559394
559395
559396
559397
559398
559399
559400
559401
559402
559403
559404
559405
559406
559407
559408
559409
559410
559411
559412
559413
559414
559415
559416
559417
559418
559419
559420
559421
559422
559423
559424
559425
559426
559427
559428
559429
559430
559431
559432
559433
559434
559435
559436
559437
559438
559439
559440
559441
559442
559443
559444
559445
559446
559447
559448
559449
559450
559451
559452
559453
559454
559455
559456
559457
559458
559459
559460
559461
559462
559463
559464
559465
559466
559467
559468
559469
559470
559471
559472
559473
559474
559475
559476
559477
559478
559479
559480
559481
559482
559483
559484
559485
559486
559487
559488
559489
559490
559491
559492
559493
559494
559495
559496
559497
559498
559499
559500
559501
559502
559503
559504
559505
559506
559507
559508
559509
559510
559511
559512
559513
559514
559515
559516
559517
559518
559519
559520
559521
559522
559523
559524
559525
559526
559527
559528
559529
559530
559531
559532
559533
559534
559535
559536
559537
559538
559539
559540
559541
559542
559543
559544
559545
559546
559547
559548
559549
559550
559551
559552
559553
559554
559555
559556
559557
559558
559559
559560
559561
559562
559563
559564
559565
559566
559567
559568
559569
559570
559571
559572
559573
559574
559575
559576
559577
559578
559579
559580
559581
559582
559583
559584
559585
559586
559587
559588
559589
559590
559591
559592
559593
559594
559595
559596
559597
559598
559599
559600
559601
559602
559603
559604
559605
559606
559607
559608
559609
559610
559611
559612
559613
559614
559615
559616
559617
559618
559619
559620
559621
559622
559623
559624
559625
559626
559627
559628
559629
559630
559631
559632
559633
559634
559635
559636
559637
559638
559639
559640
559641
559642
559643
559644
559645
559646
559647
559648
559649
559650
559651
559652
559653
559654
559655
559656
559657
559658
559659
559660
559661
559662
559663
559664
559665
559666
559667
559668
559669
559670
559671
559672
559673
559674
559675
559676
559677
559678
559679
559680
559681
559682
559683
559684
559685
559686
559687
559688
559689
559690
559691
559692
559693
559694
559695
559696
559697
559698
559699
559700
559701
559702
559703
559704
559705
559706
559707
559708
559709
559710
559711
559712
559713
559714
559715
559716
559717
559718
559719
559720
559721
559722
559723
559724
559725
559726
559727
559728
559729
559730
559731
559732
559733
559734
559735
559736
559737
559738
559739
559740
559741
559742
559743
559744
559745
559746
559747
559748
559749
559750
559751
559752
559753
559754
559755
559756
559757
559758
559759
559760
559761
559762
559763
559764
559765
559766
559767
559768
559769
559770
559771
559772
559773
559774
559775
559776
559777
559778
559779
559780
559781
559782
559783
559784
559785
559786
559787
559788
559789
559790
559791
559792
559793
559794
559795
559796
559797
559798
559799
559800
559801
559802
559803
559804
559805
559806
559807
559808
559809
559810
559811
559812
559813
559814
559815
559816
559817
559818
559819
559820
559821
559822
559823
559824
559825
559826
559827
559828
559829
559830
559831
559832
559833
559834
559835
559836
559837
559838
559839
559840
559841
559842
559843
559844
559845
559846
559847
559848
559849
559850
559851
559852
559853
559854
559855
559856
559857
559858
559859
559860
559861
559862
559863
559864
559865
559866
559867
559868
559869
559870
559871
559872
559873
559874
559875
559876
559877
559878
559879
559880
559881
559882
559883
559884
559885
559886
559887
559888
559889
559890
559891
559892
559893
559894
559895
559896
559897
559898
559899
559900
559901
559902
559903
559904
559905
559906
559907
559908
559909
559910
559911
559912
559913
559914
559915
559916
559917
559918
559919
559920
559921
559922
559923
559924
559925
559926
559927
559928
559929
559930
559931
559932
559933
559934
559935
559936
559937
559938
559939
559940
559941
559942
559943
559944
559945
559946
559947
559948
559949
559950
559951
559952
559953
559954
559955
559956
559957
559958
559959
559960
559961
559962
559963
559964
559965
559966
559967
559968
559969
559970
559971
559972
559973
559974
559975
559976
559977
559978
559979
559980
559981
559982
559983
559984
559985
559986
559987
559988
559989
559990
559991
559992
559993
559994
559995
559996
559997
559998
559999
560000
